[gd_scene format=3 uid="uid://cosr6dutw8duo"]

[ext_resource type="PackedScene" uid="uid://c1jgin4iihkd1" path="res://assets/models/mascara3.fbx" id="1_8nifo"]
[ext_resource type="Script" uid="uid://det5nnvshm3lv" path="res://scenes/camaraRef.gd" id="2_b0hta"]
[ext_resource type="Texture2D" uid="uid://cbwo5xi7ovqwk" path="res://assets/models/Mask_text.png" id="3_v5umj"]
[ext_resource type="Script" uid="uid://cqujx6jyosf0y" path="res://scripts/draggableObject.gd" id="4_b0hta"]

[sub_resource type="StandardMaterial3D" id="StandardMaterial3D_b0hta"]
albedo_texture = ExtResource("3_v5umj")

[sub_resource type="SphereShape3D" id="SphereShape3D_b0hta"]
radius = 0.0025358277

[node name="mascara3" unique_id=329266782 instance=ExtResource("1_8nifo")]
script = ExtResource("2_b0hta")

[node name="Skeleton3D" parent="Skeleton" parent_id_path=PackedInt32Array(2064147254) index="0" unique_id=1632936588]
bones/1/position = Vector3(0, 0.010936346, 0.0022914473)
bones/1/scale = Vector3(1.0000005, 1.0000002, 1.0000001)
bones/3/position = Vector3(0, 0.010936346, 0.0022914473)
bones/3/rotation = Quaternion(0.13192588, 0.04280095, -0.1966701, 0.9706104)
bones/3/scale = Vector3(0.99999994, 1, 1)
bones/5/rotation = Quaternion(-0.19527875, 0.42897108, 0.79631364, -0.37912342)
bones/5/scale = Vector3(1, 1.0000002, 1)
bones/7/position = Vector3(0, 0.0032632593, 0.0022914473)
bones/7/rotation = Quaternion(0.6056777, -0.3649034, -0.60567766, 0.36490354)
bones/7/scale = Vector3(0.99999994, 0.99999976, 0.99999964)
bones/9/position = Vector3(0, 0.009595823, 0.0022914473)
bones/9/rotation = Quaternion(0.57434803, -0.41246134, -0.57434803, 0.41246134)
bones/11/position = Vector3(0, 0.010936346, 0.0022914473)
bones/11/scale = Vector3(1.0000005, 1.0000002, 1.0000001)
bones/13/position = Vector3(0, 0.010936346, 0.0022914473)
bones/13/rotation = Quaternion(0.13192588, -0.04280095, 0.1966701, 0.9706104)
bones/13/scale = Vector3(0.99999994, 1, 1)
bones/15/rotation = Quaternion(0.19527875, 0.42897108, 0.79631364, 0.37912342)
bones/15/scale = Vector3(1, 1.0000002, 1)
bones/19/rotation = Quaternion(0.774492, 0.30215997, -0.5202309, -0.19550286)
bones/19/scale = Vector3(1.0000001, 1.0000005, 1.0000005)
bones/21/rotation = Quaternion(0.774492, -0.30215997, 0.5202309, -0.19550286)
bones/21/scale = Vector3(1.0000001, 1.0000005, 1.0000005)

[node name="mascara3" parent="Skeleton/Skeleton3D" index="0" unique_id=1264949166]
surface_material_override/0 = SubResource("StandardMaterial3D_b0hta")

[node name="EyeLAttach" type="BoneAttachment3D" parent="Skeleton/Skeleton3D" index="1" unique_id=1228388863]
transform = Transform3D(0.11654054, 0.58478343, -0.8027746, -0.21613728, -0.7739778, -0.5951833, -0.9693831, 0.24287242, 0.036193687, 0, -1.1641532e-09, -0.0025101602)
bone_name = "eye_l"
bone_idx = 1
override_pose = true

[node name="AreaEyeL" type="Area3D" parent="Skeleton/Skeleton3D/EyeLAttach" index="0" unique_id=545642736]
transform = Transform3D(0.99999964, 2.5331974e-07, 1.4901161e-08, 7.4505806e-08, 0.99999994, 1.4901161e-07, -5.9604645e-08, 2.9802322e-08, 0.99999994, 0.00029717572, 0.0021204776, -0.0028653913)
input_capture_on_drag = true
script = ExtResource("4_b0hta")

[node name="CollisionShape3D" type="CollisionShape3D" parent="Skeleton/Skeleton3D/EyeLAttach/AreaEyeL" index="0" unique_id=1401327608]
transform = Transform3D(1, -2.9802322e-08, -4.4703484e-08, 4.4703484e-08, 1, 8.940697e-08, -2.9802322e-08, -1.4901161e-07, 1.0000002, 0.0003733877, 0.001081266, -0.0015416755)
shape = SubResource("SphereShape3D_b0hta")
debug_color = Color(0, 0.6, 0.69803923, 1)

[node name="EyeRAttach" type="BoneAttachment3D" parent="Skeleton/Skeleton3D" index="2" unique_id=665536843]
transform = Transform3D(0.11654054, -0.58478343, 0.8027746, 0.21613728, -0.7739778, -0.5951833, 0.9693831, 0.24287242, 0.036193687, 0, -1.1641532e-09, -0.0025101602)
bone_name = "eye_r"
bone_idx = 11
override_pose = true

[node name="AreaEyeR" type="Area3D" parent="Skeleton/Skeleton3D/EyeRAttach" index="0" unique_id=1455084027]
transform = Transform3D(0.99999964, -3.1292439e-07, -1.4901161e-08, -1.0430813e-07, 0.9999999, 1.7881393e-07, 5.9604645e-08, 2.9802322e-08, 1, -0.0015327835, 0.0015296272, -0.0025457523)
input_capture_on_drag = true
script = ExtResource("4_b0hta")

[node name="CollisionShape3D" type="CollisionShape3D" parent="Skeleton/Skeleton3D/EyeRAttach/AreaEyeR" index="0" unique_id=1273589640]
transform = Transform3D(1, -2.9802322e-08, -4.4703484e-08, 4.4703484e-08, 1, 8.940697e-08, -2.9802322e-08, -1.4901161e-07, 1.0000002, 0.0003733877, 0.001081266, -0.0015416755)
shape = SubResource("SphereShape3D_b0hta")
debug_color = Color(0, 0.6, 0.69803923, 1)

[node name="ForeheadLAttach" type="BoneAttachment3D" parent="Skeleton/Skeleton3D" index="3" unique_id=2118634300]
transform = Transform3D(0.91897786, 0.3930732, 0.031194348, 0.13497786, -0.239262, -0.9615271, -0.3704869, 0.88783276, -0.27293268, 0, -1.1641532e-09, -0.0025101602)
bone_name = "forehead_l"
bone_idx = 3
override_pose = true

[node name="AreaForeheadL" type="Area3D" parent="Skeleton/Skeleton3D/ForeheadLAttach" index="0" unique_id=783514980]
transform = Transform3D(1, 1.6391277e-07, -8.940697e-08, 3.7625432e-07, 0.9999996, -2.9802322e-08, 2.9802322e-08, -1.3411045e-07, 1.0000002, 0.0037253955, 0.009681756, -0.0018861978)
input_capture_on_drag = true
script = ExtResource("4_b0hta")

[node name="CollisionShape3D" type="CollisionShape3D" parent="Skeleton/Skeleton3D/ForeheadLAttach/AreaForeheadL" index="0" unique_id=2107022938]
transform = Transform3D(1, -4.8428774e-08, -4.4703484e-08, 0, 1, 8.940697e-08, 0, -1.937151e-07, 1.0000001, -1.0767719e-05, -0.001072594, -0.0010596467)
shape = SubResource("SphereShape3D_b0hta")
debug_color = Color(0, 0.6, 0.69803923, 1)

[node name="ForeheadRAttach" type="BoneAttachment3D" parent="Skeleton/Skeleton3D" index="4" unique_id=2072203559]
transform = Transform3D(0.91897786, -0.3930732, -0.031194348, -0.13497786, -0.239262, -0.9615271, 0.3704869, 0.88783276, -0.27293268, 0, -1.1641532e-09, -0.0025101602)
bone_name = "forehead_r"
bone_idx = 13
override_pose = true

[node name="AreaForeheadR" type="Area3D" parent="Skeleton/Skeleton3D/ForeheadRAttach" index="0" unique_id=182024063]
transform = Transform3D(1, -1.2293458e-07, 4.4703484e-08, -2.7939677e-07, 0.9999997, 1.4901161e-08, -2.9802322e-08, -7.4505806e-08, 0.9999998, -0.003034085, 0.007353087, -0.0014037879)
input_capture_on_drag = true
script = ExtResource("4_b0hta")

[node name="CollisionShape3D" type="CollisionShape3D" parent="Skeleton/Skeleton3D/ForeheadRAttach/AreaForeheadR" index="0" unique_id=1420072079]
transform = Transform3D(1, -2.9802322e-08, -4.4703484e-08, 4.4703484e-08, 1, 8.940697e-08, -2.9802322e-08, -1.4901161e-07, 1.0000002, 0.0003733877, 0.001081266, -0.0015416755)
shape = SubResource("SphereShape3D_b0hta")
debug_color = Color(0, 0.6, 0.69803923, 1)

[node name="CheekLAttach" type="BoneAttachment3D" parent="Skeleton/Skeleton3D" index="5" unique_id=1333876395]
transform = Transform3D(-0.6362633, 0.43626451, -0.6362724, -0.014259598, -0.83126056, -0.55569994, -0.7713401, -0.3444987, 0.5351215, 0.003756802, 0, -0.0057604318)
bone_name = "cheek_l"
bone_idx = 5
override_pose = true

[node name="AreaCheekL" type="Area3D" parent="Skeleton/Skeleton3D/CheekLAttach" index="0" unique_id=116679409]
transform = Transform3D(0.9999997, -1.5459955e-07, 1.3411045e-07, -2.7008355e-07, 0.99999964, 0, -2.7939677e-09, 2.9802322e-08, 0.9999995, -0.00028539833, 0.008680389, 0.0026881392)
input_capture_on_drag = true
script = ExtResource("4_b0hta")

[node name="CollisionShape3D" type="CollisionShape3D" parent="Skeleton/Skeleton3D/CheekLAttach/AreaCheekL" index="0" unique_id=1356902328]
transform = Transform3D(1, -2.9802322e-08, -4.4703484e-08, 4.4703484e-08, 1, 8.940697e-08, -2.9802322e-08, -1.4901161e-07, 1.0000002, 0.0003733877, 0.001081266, -0.0015416755)
shape = SubResource("SphereShape3D_b0hta")
debug_color = Color(0, 0.6, 0.69803923, 1)

[node name="CheekRAttach" type="BoneAttachment3D" parent="Skeleton/Skeleton3D" index="6" unique_id=1950218125]
transform = Transform3D(-0.6362633, -0.43626451, 0.6362724, 0.014259598, -0.83126056, -0.55569994, 0.7713401, -0.3444987, 0.5351215, -0.003756802, 0, -0.0057604318)
bone_name = "cheek_r"
bone_idx = 15
override_pose = true

[node name="AreaCheekR" type="Area3D" parent="Skeleton/Skeleton3D/CheekRAttach" index="0" unique_id=471040296]
transform = Transform3D(0.9999996, -8.288771e-08, 7.4505806e-08, -1.5739352e-07, 0.9999996, 2.9802322e-08, 5.4948032e-08, 2.9802322e-08, 0.9999995, -0.0001269863, 0.008378191, 0.0024279337)
input_capture_on_drag = true
script = ExtResource("4_b0hta")

[node name="CollisionShape3D" type="CollisionShape3D" parent="Skeleton/Skeleton3D/CheekRAttach/AreaCheekR" index="0" unique_id=2119267929]
transform = Transform3D(1, -2.9802322e-08, -4.4703484e-08, 4.4703484e-08, 1, 8.940697e-08, -2.9802322e-08, -1.4901161e-07, 1.0000002, 0.0003733877, 0.001081266, -0.0015416755)
shape = SubResource("SphereShape3D_b0hta")
debug_color = Color(0, 0.6, 0.69803923, 1)

[node name="ChinAttach" type="BoneAttachment3D" parent="Skeleton/Skeleton3D" index="7" unique_id=1380543241]
transform = Transform3D(0, 2.3841858e-07, -1, 1, 0, 0, 0, -1, -2.3841858e-07, 0, 0, -0.011449861)
bone_name = "chin"
bone_idx = 17
override_pose = true

[node name="AreaChin" type="Area3D" parent="Skeleton/Skeleton3D/ChinAttach" index="0" unique_id=1929442534]
transform = Transform3D(0.9999997, -8.28877e-08, 7.450581e-08, -1.5739353e-07, 0.9999997, 2.9802314e-08, 5.4948032e-08, 2.9802322e-08, 0.99999964, -0.00012698663, 0.0056144707, 0.0015297246)
input_capture_on_drag = true
script = ExtResource("4_b0hta")

[node name="CollisionShape3D" type="CollisionShape3D" parent="Skeleton/Skeleton3D/ChinAttach/AreaChin" index="0" unique_id=159861264]
transform = Transform3D(1, -2.9802322e-08, -4.4703484e-08, 4.4703484e-08, 1, 8.940697e-08, -2.9802322e-08, -1.4901161e-07, 1.0000002, 0.0003733877, 0.001081266, -0.0015416755)
shape = SubResource("SphereShape3D_b0hta")
debug_color = Color(0, 0.6, 0.69803923, 1)

[node name="NoseAttach" type="BoneAttachment3D" parent="Skeleton/Skeleton3D" index="8" unique_id=1069307819]
transform = Transform3D(0, 0, -1, 0.31950268, -0.9475853, 0, -0.9475853, -0.31950268, 0, 0, -9.313226e-10, -0.0038506826)
bone_name = "nose"
bone_idx = 9
override_pose = true

[node name="AreaNose" type="Area3D" parent="Skeleton/Skeleton3D/NoseAttach" index="0" unique_id=2119195306]
transform = Transform3D(0.9999997, 0, 7.450582e-08, -2.0861626e-07, 0.99999964, 2.9802312e-08, 5.4948032e-08, 2.9802322e-08, 0.9999996, -0.0021302323, 0.011555727, 0.0015297246)
input_capture_on_drag = true
script = ExtResource("4_b0hta")

[node name="CollisionShape3D" type="CollisionShape3D" parent="Skeleton/Skeleton3D/NoseAttach/AreaNose" index="0" unique_id=1252934449]
transform = Transform3D(1, -2.9802322e-08, -4.4703484e-08, 4.4703484e-08, 1, 8.940697e-08, -2.9802322e-08, -1.4901161e-07, 1.0000002, 0.0003733877, 0.001081266, -0.0015416755)
shape = SubResource("SphereShape3D_b0hta")
debug_color = Color(0, 0.6, 0.69803923, 1)

[node name="CommissureLAttach" type="BoneAttachment3D" parent="Skeleton/Skeleton3D" index="9" unique_id=803760198]
transform = Transform3D(0.27611855, 0.26462784, -0.92397594, 0.67145425, -0.7409563, -0.01155505, -0.68768305, -0.61721694, -0.38227728, 0.0018257329, 1.1283953e-09, -0.00839837)
bone_name = "commissure_l"
bone_idx = 19
override_pose = true

[node name="AreaCommissureL" type="Area3D" parent="Skeleton/Skeleton3D/CommissureLAttach" index="0" unique_id=139524094]
transform = Transform3D(0.9999997, -8.28877e-08, 7.450581e-08, -1.5739353e-07, 0.9999997, 2.9802314e-08, 5.4948032e-08, 2.9802322e-08, 0.99999964, -0.00012698663, 0.0056144707, 0.0015297246)
input_capture_on_drag = true
script = ExtResource("4_b0hta")

[node name="CollisionShape3D" type="CollisionShape3D" parent="Skeleton/Skeleton3D/CommissureLAttach/AreaCommissureL" index="0" unique_id=405587259]
transform = Transform3D(1, -2.9802322e-08, -4.4703484e-08, 4.4703484e-08, 1, 8.940697e-08, -2.9802322e-08, -1.4901161e-07, 1.0000002, 0.0003733877, 0.001081266, -0.0015416755)
shape = SubResource("SphereShape3D_b0hta")
debug_color = Color(0, 0.6, 0.69803923, 1)

[node name="CommissureRAttach" type="BoneAttachment3D" parent="Skeleton/Skeleton3D" index="10" unique_id=1680969449]
transform = Transform3D(0.27611855, -0.26462784, 0.92397594, -0.67145425, -0.7409563, -0.01155505, 0.68768305, -0.61721694, -0.38227728, -0.0018257329, 1.1283953e-09, -0.00839837)
bone_name = "commissure_r"
bone_idx = 21
override_pose = true

[node name="AreaCommissureR" type="Area3D" parent="Skeleton/Skeleton3D/CommissureRAttach" index="0" unique_id=1700999904]
transform = Transform3D(0.9999997, -8.28877e-08, 7.450581e-08, -1.5739353e-07, 0.9999997, 2.9802314e-08, 5.4948032e-08, 2.9802322e-08, 0.99999964, -0.00012698663, 0.0056144707, 0.0015297246)
input_capture_on_drag = true
script = ExtResource("4_b0hta")

[node name="CollisionShape3D" type="CollisionShape3D" parent="Skeleton/Skeleton3D/CommissureRAttach/AreaCommissureR" index="0" unique_id=930043531]
transform = Transform3D(1, -2.9802322e-08, -4.4703484e-08, 4.4703484e-08, 1, 8.940697e-08, -2.9802322e-08, -1.4901161e-07, 1.0000002, 0.0003733877, 0.001081266, -0.0015416755)
shape = SubResource("SphereShape3D_b0hta")
debug_color = Color(0, 0.6, 0.69803923, 1)

[node name="MouthAttach" type="BoneAttachment3D" parent="Skeleton/Skeleton3D" index="11" unique_id=543901804]
transform = Transform3D(1.7881392e-07, 1.1920926e-07, -0.99999964, 0.46738186, -0.88405514, 2.8421698e-14, -0.8840553, -0.4673819, -2.3841847e-07, 0, -2.3283064e-10, -0.010183246)
bone_name = "mouth"
bone_idx = 7
override_pose = true

[node name="AreaMouth" type="Area3D" parent="Skeleton/Skeleton3D/MouthAttach" index="0" unique_id=1757248384]
transform = Transform3D(0.9999997, -8.28877e-08, 7.450581e-08, -1.5739353e-07, 0.9999997, 2.9802314e-08, 5.4948032e-08, 2.9802322e-08, 0.99999964, -0.00012698663, 0.0056144707, 0.0015297246)
input_capture_on_drag = true
script = ExtResource("4_b0hta")

[node name="CollisionShape3D" type="CollisionShape3D" parent="Skeleton/Skeleton3D/MouthAttach/AreaMouth" index="0" unique_id=577389811]
transform = Transform3D(1, -2.9802322e-08, -4.4703484e-08, 4.4703484e-08, 1, 8.940697e-08, -2.9802322e-08, -1.4901161e-07, 1.0000002, 0.0003733877, 0.001081266, -0.0015416755)
shape = SubResource("SphereShape3D_b0hta")
debug_color = Color(0, 0.6, 0.69803923, 1)
